%%MatrixMarket matrix array real symmetric 
%============================================================
% Creator: ANSYS Inc
% 
% This is a 24 x 24 Matrix
%============================================================
24 24
2.21812990E+010
4.54997001E+009
4.54997001E+009
-3.04190408E+008
1.86028640E+009
5.52931474E+009
-4.74599515E+009
-7.21622432E+008
-7.21622432E+008
-3.04190408E+008
5.52931474E+009
1.86028640E+009
5.13492153E+008
-2.46944819E+009
-2.46944819E+009
-5.74994065E+009
-5.54337232E+009
1.62599340E+009
-5.84053394E+009
-4.83112161E+009
-4.83112161E+009
-5.74994065E+009
1.62599340E+009
-5.54337232E+009
3.14796071E+010
1.10914305E+010
1.09063390E+009
-1.50533251E+010
-1.72908232E+009
6.08927500E+009
-1.87481257E+010
-1.10914305E+010
5.09704416E+009
7.12953591E+009
1.72908232E+009
-2.13558067E+009
1.69557842E+010
1.13022942E+010
-7.23379630E+009
-1.45519381E+010
4.89203779E+009
-3.96306605E+009
-1.52641888E+010
-1.13022942E+010
-3.49448006E+009
8.05265032E+009
-4.89203779E+009
3.14796071E+010
5.09704416E+009
1.72908232E+009
7.12953591E+009
6.08927500E+009
-1.10914305E+010
-1.87481257E+010
1.09063390E+009
-1.72908232E+009
-1.50533251E+010
-2.13558067E+009
1.13022942E+010
1.69557842E+010
-3.49448006E+009
-4.89203779E+009
8.05265032E+009
-3.96306605E+009
-1.13022942E+010
-1.52641888E+010
-7.23379630E+009
4.89203779E+009
-1.45519381E+010
2.67965782E+010
-7.50089031E+009
7.32282764E+009
3.80238010E+009
-8.12410969E+009
2.29255698E+009
-3.65213972E+009
3.31641738E+009
-3.49448006E+009
-1.16760892E+010
8.45797721E+009
2.84900285E+009
9.08861586E+007
-4.45156695E+008
3.56125356E+008
-5.53292676E+009
-4.36253561E+009
-6.76638177E+009
-9.52449846E+009
7.56766382E+009
-7.65669516E+009
3.30821712E+010
-1.10914305E+010
-7.69183911E+009
7.93081796E+009
-1.72908232E+009
-3.49448006E+009
-1.83474846E+010
1.10914305E+010
1.01484012E+010
-1.65551432E+010
-4.89203779E+009
-7.79024217E+008
1.69557842E+010
-1.13022942E+010
7.57937847E+008
8.05265032E+009
4.89203779E+009
6.69960826E+009
-1.60654708E+010
1.13022942E+010
3.30821712E+010
6.58363323E+008
1.72908232E+009
-1.42520430E+010
3.31641738E+009
1.10914305E+010
-1.83474846E+010
-4.71748950E+009
4.89203779E+009
6.04944519E+009
6.89992877E+008
-1.13022942E+010
1.69557842E+010
-6.01078685E+009
-4.89203779E+009
-1.45519381E+010
-6.78863960E+009
1.13022942E+010
-1.60654708E+010
3.35995683E+010
-1.02737479E+010
-1.02737479E+010
3.80238010E+009
6.58363323E+008
-7.69183911E+009
-1.50218908E+010
1.03932374E+010
1.03932374E+010
-1.14590753E+010
-5.58554506E+009
9.68098665E+009
1.48170796E+009
-3.27073024E+009
-3.27073024E+009
-1.14590753E+010
9.68098665E+009
-5.58554506E+009
3.54860174E+010
1.10914305E+010
2.29255698E+009
-1.42520430E+010
-1.72908232E+009
9.52518181E+009
-1.72673939E+010
-1.13022942E+010
1.98094729E+009
6.04944519E+009
-4.89203779E+009
-3.60459777E+009
1.73564253E+010
1.13022942E+010
8.92539174E+009
-1.65551432E+010
4.89203779E+009
3.54860174E+010
-8.12410969E+009
1.72908232E+009
7.93081796E+009
9.52518181E+009
-1.13022942E+010
-1.72673939E+010
8.92539174E+009
4.89203779E+009
-1.65551432E+010
-3.60459777E+009
1.13022942E+010
1.73564253E+010
1.98094729E+009
-4.89203779E+009
6.04944519E+009
2.67965782E+010
7.32282764E+009
-7.50089031E+009
-1.16760892E+010
2.84900285E+009
8.45797721E+009
-9.52449846E+009
-7.65669516E+009
7.56766382E+009
-5.53292676E+009
-6.76638177E+009
-4.36253561E+009
9.08861586E+007
3.56125356E+008
-4.45156695E+008
3.30821712E+010
-1.10914305E+010
-4.71748950E+009
6.04944519E+009
4.89203779E+009
-6.78863960E+009
-1.60654708E+010
1.13022942E+010
-6.01078685E+009
-1.45519381E+010
-4.89203779E+009
6.89992877E+008
1.69557842E+010
-1.13022942E+010
3.30821712E+010
1.01484012E+010
-4.89203779E+009
-1.65551432E+010
6.69960826E+009
1.13022942E+010
-1.60654708E+010
7.57937847E+008
4.89203779E+009
8.05265032E+009
-7.79024217E+008
-1.13022942E+010
1.69557842E+010
3.24242960E+010
-1.18271105E+010
-1.18271105E+010
4.73164471E+009
2.21172590E+009
-9.51229570E+009
-4.02700852E+009
6.30716749E+009
6.30716749E+009
4.73164471E+009
-9.51229570E+009
2.21172590E+009
3.68917754E+010
1.38326586E+010
1.42450142E+009
-1.64590831E+010
1.01214575E+009
4.31099115E+008
-2.08216187E+010
-1.38326586E+010
-9.25925926E+009
1.12062341E+010
-1.01214575E+009
3.68917754E+010
-9.25925926E+009
-1.01214575E+009
1.12062341E+010
4.31099115E+008
-1.38326586E+010
-2.08216187E+010
1.42450142E+009
1.01214575E+009
-1.64590831E+010
2.50159514E+010
8.19088319E+009
-8.36894587E+009
-3.43141619E+008
6.23219373E+009
1.95868946E+009
-2.76182633E+009
-3.02706553E+009
2.84900285E+009
3.44879292E+010
-1.38326586E+010
5.97915729E+009
1.00043110E+010
1.01214575E+009
2.84900285E+009
-2.04209777E+010
1.38326586E+010
3.44879292E+010
1.67753786E+009
-1.01214575E+009
-1.76610061E+010
-3.02706553E+009
1.38326586E+010
-2.04209777E+010
2.01379712E+010
4.73271855E+009
4.73271855E+009
-3.43141619E+008
1.67753786E+009
5.97915729E+009
3.28853651E+010
1.38326586E+010
1.95868946E+009
-1.76610061E+010
1.01214575E+009
3.28853651E+010
6.23219373E+009
-1.01214575E+009
1.00043110E+010
2.50159514E+010
-8.36894587E+009
8.19088319E+009
3.44879292E+010
-1.38326586E+010
3.44879292E+010
