%%MatrixMarket matrix array real symmetric 
%============================================================
% Creator: ANSYS Inc
% 
% This is a 24 x 24 Matrix
%============================================================
24 24
2.01098561E+010
1.59904971E+009
1.77711239E+009
-2.84802663E+009
4.81120670E+009
5.96158532E+009
-7.67143609E+009
1.87317251E+009
2.05123519E+009
-2.57917541E+009
2.93451979E+009
1.42801582E+009
2.92758863E+009
-5.38405308E+009
-5.29502174E+009
-1.81528262E+009
-2.62876743E+009
4.02983956E+008
-3.79193454E+009
-2.09457940E+009
-2.00554806E+009
-4.33158941E+009
-1.11054881E+009
-4.32036287E+009
3.09454191E+010
1.10914305E+010
4.04155421E+009
-1.61217012E+010
-1.72908232E+009
8.68406995E+009
-1.96829547E+010
-1.10914305E+010
2.50224921E+009
6.86244190E+009
1.72908232E+009
-5.05018556E+009
1.74899723E+010
1.13022942E+010
-4.31919141E+009
-1.30829210E+010
4.89203779E+009
-1.22652384E+009
-1.47300007E+010
-1.13022942E+010
-6.23102227E+009
8.31974434E+009
-4.89203779E+009
3.09454191E+010
4.66477358E+009
1.72908232E+009
6.06115984E+009
8.86213263E+009
-1.10914305E+010
-1.96829547E+010
1.52290448E+009
-1.72908232E+009
-1.53204191E+010
-4.96115422E+009
1.13022942E+010
1.74899723E+010
-2.27147061E+009
-4.89203779E+009
9.52166742E+009
-1.13749250E+009
-1.13022942E+010
-1.47300007E+010
-8.45680574E+009
4.89203779E+009
-1.42848441E+010
3.39556936E+010
-1.04518106E+010
1.00956853E+010
9.74053612E+009
-1.07189046E+010
2.72482756E+009
-4.38986980E+009
5.91121233E+009
-6.26733768E+009
-1.95937281E+010
1.13725821E+010
4.07201230E+009
1.65977064E+009
-3.35976158E+009
3.18169891E+009
-3.68054775E+009
-7.09907782E+009
-7.98939121E+009
-1.48438281E+010
1.03042060E+010
-1.04822687E+010
3.57531114E+010
-1.10914305E+010
-1.02866341E+010
9.26628805E+009
-1.72908232E+009
-8.99685110E+008
-1.84810316E+010
1.10914305E+010
1.30630061E+010
-1.90925364E+010
-4.89203779E+009
-3.69362910E+009
1.74899723E+010
-1.13022942E+010
-1.97860436E+009
8.31974434E+009
4.89203779E+009
9.43615047E+009
-1.71338469E+010
1.13022942E+010
3.57531114E+010
2.26092743E+008
1.72908232E+009
-1.29165729E+010
5.43559754E+008
1.10914305E+010
-1.84810316E+010
-5.94049895E+009
4.89203779E+009
3.51205203E+009
3.51556643E+009
-1.13022942E+010
1.74899723E+010
-4.78777740E+009
-4.89203779E+009
-1.42848441E+010
-9.61421315E+009
1.13022942E+010
-1.71338469E+010
4.29463945E+010
-1.32246682E+010
-1.30466056E+010
1.25854388E+009
3.60928363E+009
-7.25956853E+009
-2.21546482E+010
1.31297796E+010
1.32188109E+010
-9.60669625E+009
-8.32208727E+009
1.09039961E+010
4.86402025E+009
-6.18533513E+009
-6.09630379E+009
-1.93767142E+010
1.25955915E+010
-6.80855451E+009
3.89582396E+010
1.10914305E+010
5.24347728E+009
-1.53204191E+010
-1.72908232E+009
1.22617240E+010
-1.87364110E+010
-1.13022942E+010
-7.55594917E+008
6.31653921E+009
-4.89203779E+009
-6.51920265E+009
1.82912543E+010
1.13022942E+010
1.18399966E+010
-1.90925364E+010
4.89203779E+009
3.89582396E+010
-8.55638027E+009
1.72908232E+009
6.86244190E+009
1.23507554E+010
-1.13022942E+010
-1.87364110E+010
7.70238229E+009
4.89203779E+009
-1.62880492E+010
-6.43017132E+009
1.13022942E+010
1.82912543E+010
3.20395674E+009
-4.89203779E+009
3.51205203E+009
2.25374244E+010
4.37190733E+009
-4.72803269E+009
-1.02577379E+010
1.12460639E+008
7.23496776E+009
-5.66247126E+009
-4.92015295E+009
4.74209027E+009
-1.59826873E+009
-3.85177688E+009
-3.13952617E+009
6.91554831E+008
-2.55847953E+009
2.38041685E+009
3.17467012E+010
-1.10914305E+010
-7.45403171E+009
6.31653921E+009
4.89203779E+009
-4.05209739E+009
-1.51306418E+010
1.13022942E+010
-3.09618196E+009
-1.30829210E+010
-4.89203779E+009
-2.22461201E+009
1.70893312E+010
-1.13022942E+010
3.17467012E+010
1.13714106E+010
-4.89203779E+009
-1.62880492E+010
3.87403471E+009
1.13022942E+010
-1.51306418E+010
-4.65071600E+008
4.89203779E+009
9.52166742E+009
2.04654933E+009
-1.13022942E+010
1.70893312E+010
4.27191303E+010
-1.54633378E+010
-1.52852752E+010
1.84515498E+009
5.84795322E+009
-9.76533213E+009
-7.46642972E+009
9.58726946E+009
9.76533213E+009
1.19806700E+010
-1.27923977E+010
2.46476233E+009
4.03639976E+010
1.38326586E+010
5.06072874E+009
-1.75274591E+010
1.01214575E+009
3.71120108E+009
-2.17564477E+010
-1.38326586E+010
-1.25393612E+010
1.29423452E+010
-1.01214575E+009
4.03639976E+010
-9.00622282E+009
-1.01214575E+009
1.01378580E+010
3.88926376E+009
-1.38326586E+010
-2.17564477E+010
1.17146499E+009
1.01214575E+009
-1.47229720E+010
2.04940966E+010
4.55465587E+009
-4.91078123E+009
-3.24368893E+009
2.95209177E+009
1.70565302E+009
-3.67088316E+009
2.53036437E+008
-6.09161793E+008
3.31524591E+010
-1.38326586E+010
2.69905533E+009
9.33657595E+009
1.01214575E+009
6.12910481E+009
-2.05545247E+010
1.38326586E+010
3.31524591E+010
1.93057430E+009
-1.01214575E+009
-1.83287412E+010
-6.48523017E+009
1.38326586E+010
-2.05545247E+010
1.81464808E+010
1.09649123E+009
1.27455391E+009
-3.22963135E+009
5.31376518E+009
5.72612086E+009
3.23511771E+010
1.38326586E+010
5.59491678E+009
-1.87293822E+010
1.01214575E+009
3.23511771E+010
6.48523017E+009
-1.01214575E+009
8.93593492E+009
3.27804214E+010
-1.20051732E+010
1.16490478E+010
3.71588694E+010
-1.38326586E+010
3.71588694E+010
