%%MatrixMarket matrix array real symmetric 
%============================================================
% Creator: ANSYS Inc
% 
% This is a 24 x 24 Matrix
%============================================================
24 24
2.02261240E+010
-1.17380792E+009
-1.17380792E+009
-5.12301163E+009
4.37893612E+009
3.36679037E+009
-1.27845879E+010
4.64603014E+009
4.64603014E+009
-5.12301163E+009
3.36679037E+009
4.37893612E+009
7.15511290E+009
-8.20962663E+009
-8.20962663E+009
-3.96931387E+008
-1.40575798E+009
-2.33355825E+009
-3.55676295E+009
7.30994152E+008
7.30994152E+008
-3.96931387E+008
-2.33355825E+009
-1.40575798E+009
3.12125131E+010
1.10914305E+010
4.47382479E+009
-1.63887952E+010
-1.72908232E+009
1.14569276E+010
-2.14190658E+010
-1.10914305E+010
2.06997863E+009
5.79406583E+009
1.72908232E+009
-7.87575911E+009
1.84248013E+010
1.13022942E+010
-5.54220085E+009
-1.28158270E+010
4.89203779E+009
1.59904971E+009
-1.45964537E+010
-1.13022942E+010
-5.00801282E+009
9.78876143E+009
-4.89203779E+009
3.12125131E+010
2.06997863E+009
1.72908232E+009
5.79406583E+009
1.14569276E+010
-1.10914305E+010
-2.14190658E+010
4.47382479E+009
-1.72908232E+009
-1.63887952E+010
-7.87575911E+009
1.13022942E+010
1.84248013E+010
-5.00801282E+009
-4.89203779E+009
9.78876143E+009
1.59904971E+009
-1.13022942E+010
-1.45964537E+010
-5.54220085E+009
4.89203779E+009
-1.28158270E+010
2.75088289E+010
-7.67895299E+009
7.14476496E+009
7.19669991E+009
-1.11511752E+010
5.67574786E+009
-2.93988901E+009
3.13835470E+009
-3.67254274E+009
-1.81753769E+010
1.01495726E+010
1.33547009E+009
4.47011515E+008
-5.34188034E+008
2.67094017E+008
2.54110280E+008
-5.87606838E+009
-5.07478632E+009
-9.16837310E+009
7.47863248E+009
-7.74572650E+009
3.36163593E+010
-1.10914305E+010
-9.85436347E+009
8.19791198E+009
-1.72908232E+009
-3.67254274E+009
-1.78132966E+010
1.10914305E+010
1.42860155E+010
-1.88254423E+010
-4.89203779E+009
-8.68055556E+008
1.72228782E+010
-1.13022942E+010
-3.20161381E+009
9.78876143E+009
4.89203779E+009
6.61057692E+009
-1.57983768E+010
1.13022942E+010
3.36163593E+010
3.17701305E+009
1.72908232E+009
-1.39849490E+010
3.13835470E+009
1.10914305E+010
-1.78132966E+010
-8.67704116E+009
4.89203779E+009
3.77914605E+009
6.00961538E+008
-1.13022942E+010
1.72228782E+010
-1.87317251E+009
-4.89203779E+009
-1.28158270E+010
-6.87767094E+009
1.13022942E+010
-1.57983768E+010
5.44809317E+010
-1.59975259E+010
-1.59975259E+010
7.19669991E+009
3.17701305E+009
-9.85436347E+009
-3.11008335E+010
1.59553531E+010
1.59553531E+010
-1.75243352E+010
-9.54509672E+009
1.38186010E+010
1.00597603E+010
-9.01090868E+009
-9.01090868E+009
-1.75243352E+010
1.38186010E+010
-9.54509672E+009
4.32317439E+010
1.10914305E+010
5.67574786E+009
-1.39849490E+010
-1.72908232E+009
1.50872976E+010
-2.06060691E+010
-1.13022942E+010
4.67414530E+008
3.77914605E+009
-4.89203779E+009
-9.34477620E+009
1.96267244E+010
1.13022942E+010
1.06169872E+010
-1.88254423E+010
4.89203779E+009
4.32317439E+010
-1.11511752E+010
1.72908232E+009
8.19791198E+009
1.50872976E+010
-1.13022942E+010
-2.06060691E+010
1.06169872E+010
4.89203779E+009
-1.88254423E+010
-9.34477620E+009
1.13022942E+010
1.96267244E+010
4.67414530E+008
-4.89203779E+009
3.77914605E+009
2.75088289E+010
7.14476496E+009
-7.67895299E+009
-1.81753769E+010
1.33547009E+009
1.01495726E+010
-9.16837310E+009
-7.74572650E+009
7.47863248E+009
2.54110280E+008
-5.07478632E+009
-5.87606838E+009
4.47011515E+008
2.67094017E+008
-5.34188034E+008
3.36163593E+010
-1.10914305E+010
-8.67704116E+009
3.77914605E+009
4.89203779E+009
-6.87767094E+009
-1.57983768E+010
1.13022942E+010
-1.87317251E+009
-1.28158270E+010
-4.89203779E+009
6.00961538E+008
1.72228782E+010
-1.13022942E+010
3.36163593E+010
1.42860155E+010
-4.89203779E+009
-1.88254423E+010
6.61057692E+009
1.13022942E+010
-1.57983768E+010
-3.20161381E+009
4.89203779E+009
9.78876143E+009
-8.68055556E+008
-1.13022942E+010
1.72228782E+010
5.55443290E+010
-1.89215025E+010
-1.89215025E+010
9.09418032E+009
6.10098965E+009
-1.30454341E+010
-1.34362153E+010
1.30454341E+010
1.30454341E+010
9.09418032E+009
-1.30454341E+010
6.10098965E+009
4.46375019E+010
1.38326586E+010
4.80769231E+009
-1.57913480E+010
1.01214575E+009
7.16936572E+009
-2.34925589E+010
-1.38326586E+010
-1.22863248E+010
1.18739691E+010
-1.01214575E+009
4.46375019E+010
-1.22863248E+010
-1.01214575E+009
1.18739691E+010
7.16936572E+009
-1.38326586E+010
-2.34925589E+010
4.80769231E+009
1.01214575E+009
-1.57913480E+010
2.57282022E+010
8.01282051E+009
-8.54700855E+009
-6.13017866E+009
3.20512821E+009
5.34188034E+009
-2.04957562E+009
-3.20512821E+009
2.67094017E+009
3.50221173E+010
-1.38326586E+010
2.44601889E+009
8.26819988E+009
1.01214575E+009
2.67094017E+009
-1.98867896E+010
1.38326586E+010
3.50221173E+010
5.56680162E+009
-1.01214575E+009
-1.93971173E+010
-3.20512821E+009
1.38326586E+010
-1.98867896E+010
1.86853547E+010
-2.36167341E+009
-2.36167341E+009
-6.13017866E+009
5.56680162E+009
2.44601889E+009
3.26182711E+010
1.38326586E+010
5.34188034E+009
-1.93971173E+010
1.01214575E+009
3.26182711E+010
3.20512821E+009
-1.01214575E+009
8.26819988E+009
2.57282022E+010
-8.54700855E+009
8.01282051E+009
3.50221173E+010
-1.38326586E+010
3.50221173E+010
