%%MatrixMarket matrix array real symmetric 
%============================================================
% Creator: ANSYS Inc
% 
% This is a 24 x 24 Matrix
%============================================================
24 24
2.83735759E+010
7.58089821E+009
7.58089821E+009
4.73164471E+009
2.03448641E+009
8.29314892E+009
2.37116123E+007
-1.88289251E+009
-1.88289251E+009
4.73164471E+009
8.29314892E+009
2.03448641E+009
-7.66070558E+009
-2.55844787E+009
-2.55844787E+009
-1.06077131E+010
-8.65950085E+009
2.87246381E+009
-8.98444518E+009
-7.68015612E+009
-7.68015612E+009
-1.06077131E+010
2.87246381E+009
-8.65950085E+009
3.45802533E+010
1.15211365E+010
1.02386040E+009
-1.41475610E+010
-1.29937630E+009
7.46539809E+009
-1.85100966E+010
-1.15211365E+010
7.96830484E+009
8.89471202E+009
1.29937630E+009
-2.09103334E+009
1.38395607E+010
1.13911989E+010
-1.03721510E+010
-1.58427658E+010
4.98094248E+009
-6.81210056E+009
-1.57537345E+010
-1.13911989E+010
-4.76317664E+009
6.93963194E+009
-4.98094248E+009
3.45802533E+010
7.96830484E+009
1.29937630E+009
8.89471202E+009
7.46539809E+009
-1.15211365E+010
-1.85100966E+010
1.02386040E+009
-1.29937630E+009
-1.41475610E+010
-2.09103334E+009
1.13911989E+010
1.38395607E+010
-4.76317664E+009
-4.98094248E+009
6.93963194E+009
-6.81210056E+009
-1.13911989E+010
-1.57537345E+010
-1.03721510E+010
4.98094248E+009
-1.58427658E+010
3.53324579E+010
-1.06392450E+010
1.04611823E+010
1.06744866E+010
-1.09953704E+010
2.35933048E+009
1.14442367E+009
4.58511396E+009
-4.76317664E+009
-1.89043210E+010
1.15963319E+010
4.11769943E+009
-8.08886811E+009
-3.78383191E+008
2.89351852E+008
-1.03906992E+010
-5.63123219E+009
-9.90473647E+009
-1.44991245E+010
1.04389245E+010
-1.05279558E+010
3.69840995E+010
-1.15211365E+010
-1.06705263E+010
1.00966351E+010
-1.29937630E+009
-4.76317664E+009
-1.81094556E+010
1.15211365E+010
1.33089821E+010
-1.86472530E+010
-4.98094248E+009
-8.45797721E+008
1.38395607E+010
-1.13911989E+010
2.00440825E+009
6.93963194E+009
4.98094248E+009
9.57086895E+009
-1.69556576E+010
1.13911989E+010
3.69840995E+010
6.99016324E+008
1.29937630E+009
-1.29456379E+010
4.58511396E+009
1.15211365E+010
-1.81094556E+010
-6.00841226E+009
4.98094248E+009
4.13514476E+009
7.56766382E+008
-1.13911989E+010
1.38395607E+010
-9.12691538E+009
-4.98094248E+009
-1.58427658E+010
-9.65990028E+009
1.13911989E+010
-1.69556576E+010
4.45327639E+010
-1.35195291E+010
-1.35195291E+010
1.06744866E+010
6.99016324E+008
-1.06705263E+010
-2.18383448E+010
1.32867242E+010
1.32867242E+010
-1.86873071E+010
-6.87646781E+009
1.28415675E+010
-6.69248977E+009
-3.22618291E+009
-3.22618291E+009
-1.86873071E+010
1.28415675E+010
-6.87646781E+009
4.01892277E+010
1.15211365E+010
2.35933048E+009
-1.29456379E+010
-1.29937630E+009
1.24186687E+010
-1.85582217E+010
-1.13911989E+010
3.24964387E+009
4.13514476E+009
-4.98094248E+009
-3.69359744E+009
1.42402017E+010
1.13911989E+010
1.20637464E+010
-1.86472530E+010
4.98094248E+009
4.01892277E+010
-1.09953704E+010
1.29937630E+009
1.00966351E+010
1.24186687E+010
-1.13911989E+010
-1.85582217E+010
1.20637464E+010
4.98094248E+009
-1.86472530E+010
-3.69359744E+009
1.13911989E+010
1.42402017E+010
3.24964387E+009
-4.98094248E+009
4.13514476E+009
3.53324579E+010
1.04611823E+010
-1.06392450E+010
-1.89043210E+010
4.11769943E+009
1.15963319E+010
-1.44991245E+010
-1.05279558E+010
1.04389245E+010
-1.03906992E+010
-9.90473647E+009
-5.63123219E+009
-8.08886811E+009
2.89351852E+008
-3.78383191E+008
3.69840995E+010
-1.15211365E+010
-6.00841226E+009
4.13514476E+009
4.98094248E+009
-9.65990028E+009
-1.69556576E+010
1.13911989E+010
-9.12691538E+009
-1.58427658E+010
-4.98094248E+009
7.56766382E+008
1.38395607E+010
-1.13911989E+010
3.69840995E+010
1.33089821E+010
-4.98094248E+009
-1.86472530E+010
9.57086895E+009
1.13911989E+010
-1.69556576E+010
2.00440825E+009
4.98094248E+009
6.93963194E+009
-8.45797721E+008
-1.13911989E+010
1.38395607E+010
4.25970843E+010
-1.48802649E+010
-1.48802649E+010
1.17818139E+010
2.05975206E+009
-1.22983560E+010
1.14698031E+009
7.49066374E+009
7.49066374E+009
1.17818139E+010
-1.22983560E+010
2.05975206E+009
4.02902903E+010
1.34918572E+010
1.49127493E+009
-1.42486236E+010
6.71344421E+008
-9.22797798E+008
-1.95459883E+010
-1.34918572E+010
-1.21305199E+010
1.27350909E+010
-6.71344421E+008
4.02902903E+010
-1.21305199E+010
-6.71344421E+008
1.27350909E+010
-9.22797798E+008
-1.34918572E+010
-1.95459883E+010
1.49127493E+009
6.71344421E+008
-1.42486236E+010
3.28395804E+010
1.13292379E+010
-1.15073006E+010
4.87075617E+009
9.10345442E+009
1.89191595E+009
2.39086242E+009
-4.29576211E+009
4.11769943E+009
3.70851621E+010
-1.34918572E+010
8.93561831E+009
1.11325268E+010
6.71344421E+008
4.11769943E+009
-1.91453473E+010
1.34918572E+010
3.70851621E+010
1.65911103E+009
-6.71344421E+008
-1.58511877E+010
-4.29576211E+009
1.34918572E+010
-1.91453473E+010
2.55698407E+010
7.95627358E+009
7.95627358E+009
4.87075617E+009
1.65911103E+009
8.93561831E+009
3.46813159E+010
1.34918572E+010
1.89191595E+009
-1.58511877E+010
6.71344421E+008
3.46813159E+010
9.10345442E+009
-6.71344421E+008
1.11325268E+010
3.28395804E+010
-1.15073006E+010
1.13292379E+010
3.70851621E+010
-1.34918572E+010
3.70851621E+010
