%%MatrixMarket matrix array real symmetric 
%============================================================
% Creator: ANSYS Inc
% 
% This is a 24 x 24 Matrix
%============================================================
24 24
2.18923350E+010
1.64226727E+009
1.64226727E+009
-1.92344789E+009
4.76798914E+009
5.91577154E+009
-8.22973414E+009
3.69961307E+009
3.69961307E+009
-1.92344789E+009
5.91577154E+009
4.76798914E+009
-9.74632485E+008
-8.34307866E+009
-8.34307866E+009
-2.88424442E+009
-4.47743416E+009
-1.13154019E+009
-3.07258380E+009
-2.07358801E+009
-2.07358801E+009
-2.88424442E+009
-1.13154019E+009
-4.47743416E+009
3.27105952E+010
1.15211365E+010
4.40705128E+009
-1.58836721E+010
-1.29937630E+009
1.30479037E+010
-2.11810368E+010
-1.15211365E+010
4.94123932E+009
7.15860091E+009
1.29937630E+009
-7.87566413E+009
1.53085778E+010
1.13911989E+010
-8.68055556E+009
-1.33053727E+010
4.98094248E+009
-1.20553246E+009
-1.42847174E+010
-1.13911989E+010
-6.27670940E+009
9.47702510E+009
-4.98094248E+009
3.27105952E+010
4.94123932E+009
1.29937630E+009
7.15860091E+009
1.30479037E+010
-1.15211365E+010
-2.11810368E+010
4.40705128E+009
-1.29937630E+009
-1.58836721E+010
-7.87566413E+009
1.13911989E+010
1.53085778E+010
-6.27670940E+009
-4.98094248E+009
9.47702510E+009
-1.20553246E+009
-1.13911989E+010
-1.42847174E+010
-8.68055556E+009
4.98094248E+009
-1.33053727E+010
3.60447086E+010
-1.08173077E+010
1.02831197E+010
1.59050778E+010
-1.40224359E+010
5.74252137E+009
1.85667438E+009
4.40705128E+009
-4.94123932E+009
-2.77740681E+010
1.32879274E+010
2.60416667E+009
-7.73274276E+009
-4.67414530E+008
2.00320513E+008
-2.23320275E+009
-7.14476496E+009
-8.21314103E+009
-1.41429992E+010
1.03498932E+010
-1.06169872E+010
3.75182875E+010
-1.15211365E+010
-1.30479037E+010
1.07643701E+010
-1.29937630E+009
-4.94123932E+009
-1.75752676E+010
1.15211365E+010
1.74910487E+010
-2.17188342E+010
-4.98094248E+009
-9.34829060E+008
1.41066547E+010
-1.13911989E+010
-1.99959575E+009
9.47702510E+009
4.98094248E+009
9.48183761E+009
-1.66885636E+010
1.13911989E+010
3.75182875E+010
3.43251906E+009
1.29937630E+009
-1.22779029E+010
4.40705128E+009
1.15211365E+010
-1.75752676E+010
-1.00124163E+010
4.98094248E+009
1.06356356E+009
6.67735043E+008
-1.13911989E+010
1.41066547E+010
-4.94484869E+009
-4.98094248E+009
-1.33053727E+010
-9.74893162E+009
1.13911989E+010
-1.66885636E+010
7.03698991E+010
-1.94581601E+010
-1.94581601E+010
1.59050778E+010
3.43251906E+009
-1.30479037E+010
-4.16342825E+010
1.88932923E+010
1.88932923E+010
-2.71230265E+010
-1.08804718E+010
1.70236342E+010
1.93001495E+009
-9.01081370E+009
-9.01081370E+009
-2.71230265E+010
1.70236342E+010
-1.08804718E+010
4.95375183E+010
1.15211365E+010
5.74252137E+009
-1.22779029E+010
-1.29937630E+009
1.80252368E+010
-2.26981789E+010
-1.13911989E+010
1.73611111E+009
1.06356356E+009
-4.98094248E+009
-9.47822823E+009
1.65105009E+010
1.13911989E+010
1.37553419E+010
-2.17188342E+010
4.98094248E+009
4.95375183E+010
-1.40224359E+010
1.29937630E+009
1.07643701E+010
1.80252368E+010
-1.13911989E+010
-2.26981789E+010
1.37553419E+010
4.98094248E+009
-2.17188342E+010
-9.47822823E+009
1.13911989E+010
1.65105009E+010
1.73611111E+009
-4.98094248E+009
1.06356356E+009
3.60447086E+010
1.02831197E+010
-1.08173077E+010
-2.77740681E+010
2.60416667E+009
1.32879274E+010
-1.41429992E+010
-1.06169872E+010
1.03498932E+010
-2.23320275E+009
-8.21314103E+009
-7.14476496E+009
-7.73274276E+009
2.00320513E+008
-4.67414530E+008
3.75182875E+010
-1.15211365E+010
-1.00124163E+010
1.06356356E+009
4.98094248E+009
-9.74893162E+009
-1.66885636E+010
1.13911989E+010
-4.94484869E+009
-1.33053727E+010
-4.98094248E+009
6.67735043E+008
1.41066547E+010
-1.13911989E+010
3.75182875E+010
1.74910487E+010
-4.98094248E+009
-2.17188342E+010
9.48183761E+009
1.13911989E+010
-1.66885636E+010
-1.99959575E+009
4.98094248E+009
9.47702510E+009
-9.34829060E+008
-1.13911989E+010
1.41066547E+010
7.02876354E+010
-2.18042562E+010
-2.18042562E+010
1.79806208E+010
5.77861515E+009
-1.56610938E+010
-8.09182580E+009
1.40585297E+010
1.40585297E+010
1.79806208E+010
-1.56610938E+010
5.77861515E+009
4.96385809E+010
1.34918572E+010
4.87446581E+009
-1.31802476E+010
6.71344421E+008
5.64506815E+009
-2.22169285E+010
-1.34918572E+010
-1.51575855E+010
1.38034669E+010
-6.71344421E+008
4.96385809E+010
-1.51575855E+010
-6.71344421E+008
1.38034669E+010
5.64506815E+009
-1.34918572E+010
-2.22169285E+010
4.87446581E+009
6.71344421E+008
-1.31802476E+010
3.35518311E+010
1.11511752E+010
-1.16853632E+010
-2.75255223E+009
6.07638889E+009
5.27510684E+009
3.10311313E+009
-4.47382479E+009
3.93963675E+009
3.76193501E+010
-1.34918572E+010
5.57288057E+009
8.99577462E+009
6.71344421E+008
3.93963675E+009
-1.86111592E+010
1.34918572E+010
3.76193501E+010
5.37797413E+009
-6.71344421E+008
-1.79879399E+010
-4.47382479E+009
1.34918572E+010
-1.86111592E+010
1.92059046E+010
1.03228228E+009
1.03228228E+009
-2.75255223E+009
5.37797413E+009
5.57288057E+009
3.28116578E+010
1.34918572E+010
5.27510684E+009
-1.79879399E+010
6.71344421E+008
3.28116578E+010
6.07638889E+009
-6.71344421E+008
8.99577462E+009
3.35518311E+010
-1.16853632E+010
1.11511752E+010
3.76193501E+010
-1.34918572E+010
3.76193501E+010
