%%MatrixMarket matrix array real symmetric 
%============================================================
% Creator: ANSYS Inc
% 
% This is a 24 x 24 Matrix
%============================================================
24 24
2.40122434E+010
4.70061408E+009
4.52255140E+009
6.74101586E+008
1.70964233E+009
5.59092747E+009
-2.98229921E+009
9.97391622E+008
8.19328944E+008
2.13409523E+009
8.61799299E+009
5.09283322E+009
-5.22993947E+009
-5.40624759E+009
-5.49527893E+009
-9.17824876E+009
-7.41426523E+009
1.13695426E+008
-5.11624405E+009
-4.83235639E+009
-4.92138773E+009
-4.31370874E+009
1.62722819E+009
-5.72266979E+009
3.32447832E+010
1.15211365E+010
1.34870447E+009
-1.48152961E+010
-1.29937630E+009
1.03456822E+010
-1.94449257E+010
-1.15211365E+010
7.64346077E+009
7.82633595E+009
1.29937630E+009
-4.93883306E+009
1.43737487E+010
1.13911989E+010
-1.16173866E+010
-1.55756718E+010
4.98094248E+009
-3.96430084E+009
-1.48189054E+010
-1.13911989E+010
-3.51794102E+009
9.20993108E+009
-4.98094248E+009
3.32447832E+010
5.26608339E+009
1.29937630E+009
8.22697698E+009
1.01676195E+010
-1.15211365E+010
-1.94449257E+010
4.08220721E+009
-1.29937630E+009
-1.52159371E+010
-5.02786440E+009
1.13911989E+010
1.43737487E+010
-7.52194502E+009
-4.98094248E+009
7.20672596E+009
-4.05333218E+009
-1.13911989E+010
-1.48189054E+010
-7.43531994E+009
4.98094248E+009
-1.35724667E+010
2.87297013E+010
-7.75896088E+009
7.40283553E+009
8.07693711E+009
-1.13202144E+010
5.41767729E+009
3.79836968E+008
1.70482983E+009
-2.06095519E+009
-1.74748567E+010
1.03510963E+010
1.35893105E+009
-7.48264290E+009
2.46941653E+009
-2.64747921E+009
-4.09669485E+009
-4.38599657E+009
-6.96790541E+009
-8.80638250E+009
7.59112478E+009
-7.76918746E+009
3.48473473E+010
-1.15211365E+010
-1.03456822E+010
9.02825903E+009
-1.29937630E+009
-7.64346077E+009
-1.82430026E+010
1.15211365E+010
1.45542177E+010
-1.83801590E+010
-4.98094248E+009
2.00200200E+009
1.39731077E+010
-1.13911989E+010
7.59172634E+008
9.20993108E+009
4.98094248E+009
6.72306922E+009
-1.56201875E+010
1.13911989E+010
3.48473473E+010
3.75736313E+009
1.29937630E+009
-1.40140140E+010
7.28733541E+009
1.15211365E+010
-1.82430026E+010
-8.76718064E+009
4.98094248E+009
4.40223878E+009
-2.18006468E+009
-1.13911989E+010
1.39731077E+010
-6.19008432E+009
-4.98094248E+009
-1.35724667E+010
-6.90113190E+009
1.13911989E+010
-1.56201875E+010
5.63306195E+010
-1.63998133E+010
-1.65778760E+010
1.85026272E+010
3.74172249E+008
-1.33727477E+010
-3.08240432E+010
1.61345239E+010
1.60454926E+010
-2.89865186E+010
-8.12170343E+009
1.57783986E+010
-3.29350785E+009
-6.07398264E+009
-6.16301398E+009
-1.68238150E+010
1.40868031E+010
-9.63523620E+009
4.44627320E+010
1.15211365E+010
2.68417456E+009
-1.12095268E+010
-1.29937630E+009
1.52664684E+010
-2.04278798E+010
-1.13911989E+010
4.49487949E+009
7.96469546E+008
-4.98094248E+009
-6.54139717E+009
1.51750308E+010
1.13911989E+010
1.08185108E+010
-1.83801590E+010
4.98094248E+009
4.44627320E+010
-1.36975918E+010
1.29937630E+009
1.18327462E+010
1.51774371E+010
-1.13911989E+010
-2.04278798E+010
1.50005775E+010
4.98094248E+009
-2.19859282E+010
-6.63042851E+009
1.13911989E+010
1.51750308E+010
4.90875491E+008
-4.98094248E+009
4.40223878E+009
4.48888893E+010
1.33414665E+010
-1.36975918E+010
-2.92035325E+010
5.36293505E+009
1.45331630E+010
-2.16602821E+010
-1.33757556E+010
1.31976929E+010
-8.52720709E+009
-1.11499721E+010
-8.39000058E+009
-6.51442709E+009
3.13715157E+009
-3.31521425E+009
4.04563217E+010
-1.15211365E+010
-7.25364788E+009
7.96469546E+008
4.98094248E+009
-1.25077000E+010
-1.84246747E+010
1.13911989E+010
-7.88167976E+009
-1.55756718E+010
-4.98094248E+009
3.60456610E+009
1.43737487E+010
-1.13911989E+010
4.04563217E+010
1.62458131E+010
-4.98094248E+009
-2.19859282E+010
1.23296373E+010
1.13911989E+010
-1.84246747E+010
-7.54360129E+008
4.98094248E+009
7.20672596E+009
-3.78262878E+009
-1.13911989E+010
1.43737487E+010
5.51984777E+010
-1.82532292E+010
-1.84312919E+010
2.08245104E+010
2.22758817E+009
-1.54932577E+010
-2.22854064E+009
1.08636281E+010
1.06855654E+010
8.93792430E+009
-1.24661922E+010
5.61077905E+009
4.45637946E+010
1.34918572E+010
1.32343882E+009
-1.21118715E+010
6.71344421E+008
2.45016651E+009
-2.04808174E+010
-1.34918572E+010
-1.19626838E+010
1.16667148E+010
-6.71344421E+008
4.45637946E+010
-1.53254216E+010
-6.71344421E+008
1.48718430E+010
2.27210383E+009
-1.34918572E+010
-2.04808174E+010
5.04230192E+009
6.71344421E+008
-1.53169997E+010
4.29532096E+010
1.47022022E+010
-1.50583276E+010
2.02686661E+009
9.27129052E+009
5.44294294E+009
1.50310567E+009
-7.66872642E+009
7.31260106E+009
4.05573843E+010
-1.34918572E+010
8.76778221E+009
1.00641507E+010
6.71344421E+008
7.44735120E+008
-1.92788943E+010
1.34918572E+010
4.05573843E+010
5.21013802E+009
-6.71344421E+008
-1.69195638E+010
-1.10086048E+009
1.34918572E+010
-1.92788943E+010
2.11439905E+010
4.58330927E+009
4.40524659E+009
9.13373309E+007
1.82694714E+009
5.74071668E+009
3.33458458E+010
1.34918572E+010
1.72407985E+009
-1.69195638E+010
6.71344421E+008
3.33458458E+010
5.90855278E+009
-6.71344421E+008
1.00641507E+010
2.59259660E+010
-8.13433626E+009
7.77821090E+009
3.49484099E+010
-1.34918572E+010
3.49484099E+010
