%%MatrixMarket matrix array real symmetric 
%============================================================
% Creator: ANSYS Inc
% 
% This is a 24 x 24 Matrix
%============================================================
24 24
1.21305199E-01
-3.57971031E-15
6.67735043E-03
-2.21465456E-02
3.20512821E-02
7.34508547E-03
-5.59784544E-02
2.60416667E-02
3.27190171E-02
-8.12410969E-03
-2.00320513E-03
9.34829060E-03
-4.78543447E-03
-1.00160256E-02
-6.67735043E-03
1.78062678E-03
-3.00480769E-02
-1.33547009E-03
-1.27982550E-02
-1.00160256E-02
-6.67735043E-03
-1.92530271E-02
-6.00961538E-03
-4.13995726E-02
2.02546296E-01
8.01282051E-02
4.80769231E-02
-1.28427707E-01
1.60256410E-02
3.40544872E-02
-9.99376781E-02
-8.01282051E-02
2.00320513E-03
3.58351140E-02
-1.60256410E-02
-3.00480769E-02
8.25765670E-02
4.00641026E-02
-3.00480769E-02
-6.05413105E-02
8.01282051E-03
-1.00160256E-02
-4.56285613E-02
-4.00641026E-02
-1.40224359E-02
1.35772792E-02
-8.01282051E-03
2.02546296E-01
1.93643162E-02
-1.60256410E-02
3.18287037E-02
4.07318376E-02
-8.01282051E-02
-9.99376781E-02
1.73611111E-02
1.60256410E-02
-1.24421296E-01
-2.67094017E-02
4.00641026E-02
8.25765670E-02
-5.34188034E-03
-8.01282051E-03
1.95868946E-02
-6.67735043E-03
-4.00641026E-02
-4.56285613E-02
-4.54059829E-02
8.01282051E-03
-6.65509259E-02
2.05439815E-01
-8.01282051E-02
6.67735043E-02
3.39431980E-02
-3.80608974E-02
-2.67094017E-03
-3.49448006E-02
1.40224359E-02
-2.73771368E-02
-1.03387642E-01
7.01121795E-02
4.67414530E-03
-4.78543447E-03
-3.00480769E-02
2.33707265E-02
-1.92530271E-02
-1.40224359E-02
-4.74091880E-02
-5.48655627E-02
3.00480769E-02
-3.67254274E-02
2.26584758E-01
-8.01282051E-02
-4.20673077E-02
4.78543447E-02
1.60256410E-02
6.00961538E-03
-9.39280627E-02
8.01282051E-02
7.01121795E-02
-9.05893875E-02
-8.01282051E-03
-1.00160256E-02
8.25765670E-02
-4.00641026E-02
-6.00961538E-03
1.35772792E-02
8.01282051E-03
3.00480769E-02
-5.76477920E-02
4.00641026E-02
2.26584758E-01
2.93803419E-02
-1.60256410E-02
-1.12402066E-01
-1.93643162E-02
8.01282051E-02
-9.39280627E-02
-1.13514957E-02
8.01282051E-03
-1.04611823E-02
3.33867521E-03
-4.00641026E-02
8.25765670E-02
-3.93963675E-02
-8.01282051E-03
-6.65509259E-02
-3.67254274E-02
4.00641026E-02
-5.76477920E-02
2.61529558E-01
-1.00160256E-01
-9.34829060E-02
-8.12410969E-03
5.20833333E-02
-3.27190171E-02
-8.29104345E-02
4.00641026E-02
4.34027778E-02
-5.43091168E-02
-1.60256410E-02
6.07638889E-02
9.23700142E-03
-4.00641026E-02
-3.67254274E-02
-1.03387642E-01
7.21153846E-02
-1.13514957E-02
2.42610399E-01
8.01282051E-02
2.80448718E-02
-1.24421296E-01
1.60256410E-02
4.00641026E-02
-6.56606125E-02
-4.00641026E-02
-4.00641026E-03
3.56125356E-03
-8.01282051E-03
-2.00320513E-02
8.65829772E-02
4.00641026E-02
6.81089744E-02
-9.05893875E-02
8.01282051E-03
2.42610399E-01
-2.06997863E-02
-1.60256410E-02
3.58351140E-02
4.34027778E-02
-4.00641026E-02
-6.56606125E-02
5.27510684E-02
8.01282051E-03
-7.65669516E-02
-1.66933761E-02
4.00641026E-02
8.65829772E-02
4.67414530E-03
-8.01282051E-03
-1.04611823E-02
1.35327635E-01
2.00320513E-02
-3.33867521E-02
-5.43091168E-02
-4.00641026E-03
5.47542735E-02
-1.98094729E-02
-2.00320513E-02
1.33547009E-02
1.78062678E-03
-3.20512821E-02
-5.34188034E-03
-1.17966524E-02
3.55791785E-15
-6.67735043E-03
2.06552707E-01
-8.01282051E-02
-1.60256410E-02
3.56125356E-03
8.01282051E-03
-2.00320513E-02
-4.76317664E-02
4.00641026E-02
-2.80448718E-02
-6.05413105E-02
-8.01282051E-03
-2.00320513E-02
8.05733618E-02
-4.00641026E-02
2.06552707E-01
5.87606838E-02
-8.01282051E-03
-7.65669516E-02
1.33547009E-02
4.00641026E-02
-4.76317664E-02
-1.33547009E-03
8.01282051E-03
1.95868946E-02
1.33547009E-02
-4.00641026E-02
8.05733618E-02
2.38158832E-01
-1.00160256E-01
-9.34829060E-02
1.22418091E-03
5.20833333E-02
-4.27350427E-02
-4.42930912E-02
3.60576923E-02
4.27350427E-02
5.03027066E-02
-5.20833333E-02
2.93803419E-02
2.35933048E-01
8.01282051E-02
2.80448718E-02
-1.21750356E-01
1.60256410E-02
2.40384615E-02
-9.65990028E-02
-8.01282051E-02
-4.80769231E-02
5.25284900E-02
-1.60256410E-02
2.35933048E-01
-3.07158120E-02
-1.60256410E-02
3.85060541E-02
3.07158120E-02
-8.01282051E-02
-9.65990028E-02
-2.67094017E-03
1.60256410E-02
-1.07727920E-01
1.11956909E-01
2.00320513E-02
-3.33867521E-02
-1.27982550E-02
1.20192308E-02
1.73611111E-02
-2.32594373E-02
4.00641026E-03
-1.73611111E-02
1.99875356E-01
-8.01282051E-02
8.01282051E-03
3.44996439E-02
1.60256410E-02
1.60256410E-02
-9.05893875E-02
8.01282051E-02
1.99875356E-01
9.34829060E-03
-1.60256410E-02
-1.25756766E-01
-2.93803419E-02
8.01282051E-02
-9.05893875E-02
9.79344729E-02
-3.57309668E-15
6.67735043E-03
-1.98094729E-02
3.20512821E-02
1.73611111E-02
1.95868946E-01
8.01282051E-02
4.80769231E-02
-1.27759972E-01
1.60256410E-02
1.95868946E-01
2.93803419E-02
-1.60256410E-02
3.24964387E-02
1.82069088E-01
-8.01282051E-02
6.67735043E-02
2.19907407E-01
-8.01282051E-02
2.19907407E-01
