%%MatrixMarket matrix array real symmetric 
%============================================================
% Creator: ANSYS Inc
% 
% This is a 24 x 24 Matrix
%============================================================
24 24
1.77394943E-01
4.67414530E-02
4.67414530E-02
1.99207621E-02
1.33547009E-03
2.13675214E-02
-2.79335826E-02
1.06837607E-02
1.06837607E-02
1.99207621E-02
2.13675214E-02
1.33547009E-03
-7.02234687E-02
7.34508547E-03
7.34508547E-03
-4.49608262E-02
-6.34348291E-02
2.67094017E-03
-2.91577635E-02
-2.67094017E-02
-2.67094017E-02
-4.49608262E-02
2.67094017E-03
-6.34348291E-02
2.18571937E-01
8.01282051E-02
2.53739316E-02
-1.16408476E-01
1.60256410E-02
2.27029915E-02
-9.19248575E-02
-8.01282051E-02
2.53739316E-02
4.38479345E-02
-1.60256410E-02
-2.06997863E-02
6.38799858E-02
4.00641026E-02
-6.34348291E-02
-7.38960114E-02
8.01282051E-03
-2.67094017E-02
-5.03027066E-02
-4.00641026E-02
-9.34829060E-03
6.23219373E-03
-8.01282051E-03
2.18571937E-01
2.53739316E-02
-1.60256410E-02
4.38479345E-02
2.27029915E-02
-8.01282051E-02
-9.19248575E-02
2.53739316E-02
1.60256410E-02
-1.16408476E-01
-2.06997863E-02
4.00641026E-02
6.38799858E-02
-9.34829060E-03
-8.01282051E-03
6.23219373E-03
-2.67094017E-02
-4.00641026E-02
-5.03027066E-02
-6.34348291E-02
8.01282051E-03
-7.38960114E-02
2.19462251E-01
-7.34508547E-02
6.67735043E-02
4.09544160E-02
-3.47222222E-02
-2.67094017E-03
-2.09223647E-02
2.67094017E-03
-9.34829060E-03
-9.40393519E-02
7.67895299E-02
4.67414530E-03
-7.02234687E-02
-2.06997863E-02
1.73611111E-02
-4.49608262E-02
-9.34829060E-03
-6.54380342E-02
-5.01914174E-02
3.33867521E-02
-3.67254274E-02
2.30591168E-01
-8.01282051E-02
-3.87286325E-02
4.98575499E-02
1.60256410E-02
-9.34829060E-03
-8.99216524E-02
8.01282051E-02
7.67895299E-02
-8.79184473E-02
-8.01282051E-03
7.34508547E-03
6.38799858E-02
-4.00641026E-02
2.67094017E-03
6.23219373E-03
8.01282051E-03
3.33867521E-02
-5.63123219E-02
4.00641026E-02
2.30591168E-01
2.93803419E-02
-1.60256410E-02
-1.10398860E-01
2.67094017E-03
8.01282051E-02
-8.99216524E-02
-1.13514957E-02
8.01282051E-03
-7.79024217E-03
-1.06837607E-02
-4.00641026E-02
6.38799858E-02
-6.14316239E-02
-8.01282051E-03
-7.38960114E-02
-3.67254274E-02
4.00641026E-02
-5.63123219E-02
2.75551994E-01
-9.34829060E-02
-9.34829060E-02
4.09544160E-02
2.93803419E-02
-3.87286325E-02
-7.82362892E-02
4.34027778E-02
4.34027778E-02
-9.40393519E-02
-1.13514957E-02
7.87927350E-02
-6.32122507E-02
-3.07158120E-02
-3.07158120E-02
-9.40393519E-02
7.87927350E-02
-1.13514957E-02
2.46616809E-01
8.01282051E-02
-2.67094017E-03
-1.10398860E-01
1.60256410E-02
4.34027778E-02
-6.43251425E-02
-4.00641026E-02
4.67414530E-03
-7.79024217E-03
-8.01282051E-03
-2.67094017E-03
6.58831909E-02
4.00641026E-02
7.47863248E-02
-8.79184473E-02
8.01282051E-03
2.46616809E-01
-3.47222222E-02
-1.60256410E-02
4.98575499E-02
4.34027778E-02
-4.00641026E-02
-6.43251425E-02
7.47863248E-02
8.01282051E-03
-8.79184473E-02
-2.67094017E-03
4.00641026E-02
6.58831909E-02
4.67414530E-03
-8.01282051E-03
-7.79024217E-03
2.19462251E-01
6.67735043E-02
-7.34508547E-02
-9.40393519E-02
4.67414530E-03
7.67895299E-02
-5.01914174E-02
-3.67254274E-02
3.33867521E-02
-4.49608262E-02
-6.54380342E-02
-9.34829060E-03
-7.02234687E-02
1.73611111E-02
-2.06997863E-02
2.30591168E-01
-8.01282051E-02
-1.13514957E-02
-7.79024217E-03
8.01282051E-03
-3.67254274E-02
-5.63123219E-02
4.00641026E-02
-6.14316239E-02
-7.38960114E-02
-8.01282051E-03
-1.06837607E-02
6.38799858E-02
-4.00641026E-02
2.30591168E-01
7.67895299E-02
-8.01282051E-03
-8.79184473E-02
3.33867521E-02
4.00641026E-02
-5.63123219E-02
2.67094017E-03
8.01282051E-03
6.23219373E-03
7.34508547E-03
-4.00641026E-02
6.38799858E-02
2.42832977E-01
-9.34829060E-02
-9.34829060E-02
5.26397792E-02
2.93803419E-02
-4.87446581E-02
-1.15740741E-02
2.47061966E-02
2.47061966E-02
5.26397792E-02
-4.87446581E-02
2.93803419E-02
2.37268519E-01
8.01282051E-02
-2.67094017E-03
-1.07060185E-01
1.60256410E-02
8.68055556E-03
-8.72507123E-02
-8.01282051E-02
-4.47382479E-02
5.31962251E-02
-1.60256410E-02
2.37268519E-01
-4.47382479E-02
-1.60256410E-02
5.31962251E-02
8.68055556E-03
-8.01282051E-02
-8.72507123E-02
-2.67094017E-03
1.60256410E-02
-1.07060185E-01
1.86743234E-01
6.67735043E-02
-7.34508547E-02
2.45949074E-02
3.53899573E-02
2.53739316E-02
-4.56285613E-03
-1.13514957E-02
4.67414530E-03
2.21242877E-01
-8.01282051E-02
3.13835470E-02
4.51834046E-02
1.60256410E-02
4.67414530E-03
-8.52475071E-02
8.01282051E-02
2.21242877E-01
1.33547009E-03
-1.60256410E-02
-1.15073006E-01
-1.13514957E-02
8.01282051E-02
-8.52475071E-02
1.44675926E-01
4.67414530E-02
4.67414530E-02
2.45949074E-02
1.33547009E-03
3.13835470E-02
2.09223647E-01
8.01282051E-02
2.53739316E-02
-1.15073006E-01
1.60256410E-02
2.09223647E-01
3.53899573E-02
-1.60256410E-02
4.51834046E-02
1.86743234E-01
-7.34508547E-02
6.67735043E-02
2.21242877E-01
-8.01282051E-02
2.21242877E-01
